584858503474
1284858503474
1984858503474
2684858503474
3384858503474
4084858503474
4784858503474
5484858503474
6184858503474
6884858503474
7584858503474
8284858503474
8984858503474
9684858503474
10384858503474
11084858503474
11784858503474
12484858503474
13184858503474
13884858503474
14584858503474
15284858503474
15984858503474
16684858503474
17384858503474
18084858503474
18784858503474
19484858503474
20184858503474
20884858503474
21584858503474
22284858503474
22984858503474
23684858503474
24384858503474
25084858503474
25784858503474
26484858503474
27184858503474
27884858503474
28584858503474
29284858503474
29984858503474
30684858503474
31384858503474
32084858503474
32784858503474
33484858503474
34184858503474
34884858503474
35584858504286
36284858504286
36984858504286
37684858504286
38384858504286
39084858504286
39784858504286
40484858504286
41184858504286
41884858504286
42584858504286
43284858504286
43984947790108
44684947790602
45384947790908
46084949490971
46784949492120
47484949492829
48184946962707
48884946962903
4950000020407
50284947902183
50934548216196
5160000066920
52384947446088
53084947446368
53784947446376
54484947446525
55184947446792
55884947446956
56584947446956
57284947446998
57984947447144
58684947447194
59384947447257
60084947447291
60784947447408
61484948807973
62184859412309
62884948808178
63534548222519
64234548222519
64984948808295
65684947236426
