
00
001
002
003
004
005
006
007
008
009
011
012
013
014
015
017
018
021
022
023
024
031
032
033
035
037
040
041
042
043
044
045
047
049
050
051
052
053
054
061
062
063
065
066
069
071
072
074
080
081
082
091
092
094
100
101
103
105
108
111
112
113
114
115
118
121
123
1238549
131
132
141
142
143
144
146
148
153
163
164
17
171
172
174
175
176
178
182
188
193
198
201
203
204
205
21
211
213
221
222
223
228
231
245
250
251
252
254
272
273
282
291
292
301
302
303
304
305
311
312
313
314
317
321
322
323
324
331
333
334
335
336
339
341
342
344
345
348
351
352
353
354
357
358
359
364
371
391
392
393
400
401
401.1
401.2
402
402.1
402.2
402.3
402.4
403
403.1
403.2
404
404.1
404.2
405
405.1
405.2
405.3
406
406.1
406.2
407
407.1
407.2
407.3
408
408.1
408.2
4088
409
410
411
411.1
411.2
412
412.1
412.2
413
413.1
413.2
413.3
414
414.1
414.2
414.3
415
415.1
415.2
415.3
415.4
416
417
418
419
42
420
421
422
422.1
422.2
423
423.1
423.2
424
425
426
427
428
429
430
431
431.1
431.2
431.3
431.4
431.5
432
432.1
432.2
432.3
432.4
433
433.1
433.2
433.3
433.4
434
434.1
434.2
434.3
434.4
435
437
438
439
440
441
441.1
441.2
441.3
442
442.1
442.2
443
443.1
443.2
443.3
444
444.1
444.2
445
445.1
445.1.1
445.1.2
445.2
446
446.1
446.2
447
448
449
450
451
451.1
451.2
452
452.1
452.2
452.3
452.4
453
453.1
453.2
454
454.1
454.1.1
454.2
454.3
455
456
457
458
459
460
461
461,2
461.1
461.2
461.3
461.4
461.5
461.6
461.7
461.8
461.8.1
461.8.2
461.9
461.9.1
461.9.2
462
462.1
462.2
462.3
462.4
462.5
463
464
465
466
467
468
469
47
470
471
471.1
471.2
471.3
471.4
471.5
472
473
474
475
477
478
479
480
481
481.1
481.1.1
481.1.2
481.2
481.3
481.3.1
481.3.2
481.4
482
482.1
482.2
482.2.1
483
483.1
483.2
484
484.1
484.2
484.3
485
486
487
488
489
491
492
493
494
495
497
498
499
4\8
5
5 2
5 3
501
501.1
501.2
502
502.1
502.2
502.3
503
503.1
503.2
503.3
504
504.1
504.2
504.3
504.4
504.5
504.6
505
505.1
505.2
505.3
506
507
508
509
510
511
511.1
511.2
512
512.1
512.1.1
512.1.2
512.2
512.2.1
512.2.2
513
513.1
513.2
513.3
514
515
516
517
518
519
520
521
521 801
521.1
521.2
521.3
521.4
522
523
524
525
525.1
525.2
525.3
525.4
525.5
525.6
525.7
526
527
528
529
530
531
531 548
531 741
531,1
531,541,542
531,933
531.1
531.2
531.5
532
532.1
532.2
532.3
532.4
532.5
532.6
533
533.1
533.2
534
534.1
534.2
535
535.1
535.1.1
535.1.2
535.2
535.2.1
535.2.2
536
536.1
536.2
536.3
537
537.1
537.2
538
538.1
538.1.1
538.2
538.2.1
538.2.2
539
539.1
539.2
539.2.1
539.2.2
539.3
539.3.1
539.3.2
540
541
541.1
541.2
542
542.1
542.2
542.3
542.4
5422.2
543
543.1
543.2
543.3
543.4
543.5
543.6
544
544.1
544.2
545
545.1
545.2
545.3
545.5
546
546.1
546.2
546.3
546.4
547
547.1
547.2
548
548.1
548.2
548544
549
549.1
549.2
549.3
551
552
553
555
557
559
560
561
562
563
564
565
567
568
571
572
573
574
575
575.3
576
577
578
579
580
581
582
583
584
585
586
588
591
592
593
594
595
596
597
598
599
600
601
601.1
601.2
601.3
602
602.1
602.2
603
603.1
603.2
604
604.1
604.2
605
605.1
605.2
606
606.1
606.2
607
607.1
607.2
608
609
609.2
610
611
611.1
611.2
612
612.1
612.1.1
612.2
612.3
613
613.1
613.2
614
614.1
614.2
615
615.1
615.2
615.3
615.4
615.5
615.6
615.7
615.8
616
616.1
616.2
617
617.1
617.2
617.3
618
618.1
618.2
618.3
619
619.1
619.1.1
619.1.2
619.2
619.2.1
619.2.2
62
620
621
621.1
621.1.1
621.1.2
621.2
621.2.1
621.2.2
622
622.1
622.1.1
622.2
622.3
622.4
622.5
623
624
625
627
628
629
631
631.1
631.1.1
631.1.2
631.2
631.3
631651
632
632.1
632.2
632.3
632.4
632.5
632.5.1
632.5.2
633
633.1
633.2
634
635
636
637
638
639
641
641 .2
641 802
641.1
641.2
641.3
642
642.1
642.2
642.5
643
643.1
643.2
643.3
643.4
643.5
644
644.1
644.2
644.3
644.4
644.5
645
646
647
649
650
651
651.1
651.2
652
652.1
652.1.1
652.1.2
652.2
652.3
652.4
652.5
653
653.1
653.2
654
654.1
654.2
655
655.1
655.2
655.2.1
655.3
655.5
656
656.1
656.2
657
657.1
657.2
658
659
660
661
661.1
661.2
662
662.1
662.2
662.3
662.4
663
663.1
663.2
663.3
664
665
666
667
669
670
671
671.1
671.2
671.3
672
672.1
672.2
673
673.1
673.2
673.3
674
674.1
674.2
675
675.1
677
678
679
681
681.1
681.2
681.3
682
682.1
682.1.1
682.1.2
682.2
683
684
685
687
689
690
691
691.1
691.2
692
692.1
692.2
693
693.1
693.2
694
694.1
694.1.1
694.2
694.2.1
694.2.2
694.2.3
694.3
694.3.1
694.4
695
696
697
698
699
7 a
70
700
701
701.1
701.2
702
702.1
702.1.1
702.1.2
702.2
702.3
702.4
703
703.1
703.1.1
703.1.2
703.2
703.2.1
703.2.2
704
704.1
704.2
705
705.1
705.2
705.2.1
705.2.2
705.3
705.3.1
705.3.2
705.5
706
706.
706.1
706.1.1
706.1.2
706.2
707
707.1
707.2
708
708.1
708.2
708.3
708.3.1
708.4
709
710
711
711.1
711.2
712
712.1
712.1.1
712.1.2
712.2
7122
713
713.
713.1
713.2
713.3
713.4
713.5
714
714.1
714.2
714.3
715
715.1
715.2
716
716.1
716.2
716.3
716.4
717
717.1
717.2
718
718.1
718.2
718.3
719
720
721
721.1
721.2
721.3
722
722.1
722.2
722.3
722.4
722.5
723
723.1
723.1.1
723.2
723.3
723.4
723.4.1
723.5
724
725
726
727
728
729
730
731
731.1
731.2
731.3
731.4
731.5
731.6
731.7
732
732.1
732.2
733
734
735
736
737
739
740
741
741.1
741.1.1
741.1.2
741.2
741.3
741741
742
742.1
742.2
742.3
743
743.1
743.1.1
743.1.2
743.1.3
743.2
744
744.
744.1
744.2
744.3
744.4
744.4.1
744.5
744.6
744.7
744.8
744.9
745
745.1
745.1.1
745.2
745.2.1
745.3
746
747
749
75
750
751
751 723
751.1
751.2
751.3
751.4
751.5
752
752.1
752.2
752.2.1
752.3
752.3.1
752.4
753
753.1
753.2
753.3
754
755
756
757
758
761
762
763
764
766
767
770
771
772
773
774
776
780
781
782
783
784
785
788
791
792
793
794
8 1
800
801
801.1
801.2
801.3
801.4
801.4.1
801.4.2
801.6.2
802
802 801
802.1
802.2
802.3
8023
802Cf
803
804
804.
804..1
804.1
804.2
805
805.1
805.1.1
806
807
808
809
810
811
811..2
811.0
811.0.1
811.0.2
811.0.3
811.0.4
811.1
811.1.1
811.1.1.1
811.1.1.2
811.1.1.3
811.1.1.4
811.1.1.5
811.1.1.6
811.1.1.7
811.1.1.8
811.1.1.9
811.1.2
811.1.2.1
811.1.2.2
811.1.2.3
811.1.2.4
811.1.2.5
811.1.2.6
811.1.2.7
811.2
811.2.1
811.2.2
811.2.3
811.2.4
811.2.5
811.3
811.3.1
811.3.2
811.3.3
811.3.4
812
812.1
812.2
812.3
813
813.1
813.2
814
814.1
814.2
815
815.1
815.1.1
815.1.2
815.2
815.4
815.5.1
816
816.1
816.2
817
817.1
817.2
817.8
818
818.1
818.2
818.2.1
818.3
818.3.1
818.4
818.5
818.6
819
819.1
819.2
819.3
819.4
819.5
819.5.1
819.5.2
819.6
820
821
821.0
821.1
821.2
821.3
821.4
821.5
821.6
822
822.1
822.2
822.3
823
824
825
827
828
831
832
833
834
837
838
839
841
842
843
844
845
847
848
849
850
851
852
853
857
861
862
863
864
865
870
871
872
873
874
875
876
877
878
879
880
881
882
884
890
891
892
9 1
900
901
901.1
901.1.1
901.2
901.3
901.4
902
902.1
902.2
902.3
903
903.1
903.2
903.3
903.4
903.4.1
904
905
906
907
908
909
910
911
911.1
911.1.1
911.2
911.3
911.4
911.5
911/3
912
912.1
912.2
912.3
912.4
913
913.1
913.2
913.3
913.3.1
913.4
913.4.1
913.4.2
913.4.3
913.5
913.6
914
914.
914.1
914.2
914.3
914.3.1
915
916
917
918
919
920
921
921 723
921.1
921.2
921.3
921.4
921.5
921.6
921.65
921723
922
922.1
922.2
923
924
925
927
928
929
93
930
931
931 83
931.1
931.2
931.3
931.4
931.5
931.6
932
932 817
932.1
932.1.1
932.2
932.2.1
932.3
933
933.1
933.1.1
933.1.2
933.2
933.3
934
935
936
937
938
939
940
941
941.1
941.2
941.3
941.4
942
942.1
942.2
942.3
942.4
943
943.1
943.2
943.3
944
944.1
944.2
944.3
944.4
944.5
944.6
944.7
944.8
945
946
947
948
949
951
952
953
954
955
960
961
962
962.2
963
964
965
966
971
972
973
974
977
980
9801
981
981.3
982
983
991
992
993
994
Sim
