0
1
2
3
4
5
6
7
8
9
11
12
13
14
15
17
18
21
22
23
24
31
32
33
35
37
40
41
42
43
44
45
47
49
50
51
52
53
54
61
62
63
65
66
69
71
72
74
80
81
82
91
92
94
100
101
103
105
108
111
112
113
114
115
118
121
123
1238549
131
132
141
142
143
144
146
148
153
163
164
17
171
172
174
175
176
178
182
188
193
198
201
203
204
205
21
211
213
221
222
223
228
231
245
250
251
252
254
272
273
282
291
292
301
302
303
304
305
311
312
313
314
317
321
322
323
324
331
333
334
335
336
339
341
342
344
345
348
351
352
353
354
357
358
359
364
371
391
392
393
4088
416
417
418
419
42
424
425
426
427
428
429
435
437
438
439
447
448
449
454.1.1
455
456
457
458
459
461,2
463
464
465
466
467
468
469
47
473
474
475
477
478
479
485
486
487
488
489
491
492
493
494
495
497
498
499
4\8
5
5 2
5 3
502.3
507
508
509
514
515
516
517
518
519
521 801
526
527
528
529
531 548
531 741
531,1
531,541,542
531,933
531.5
5422.2
545.5
548544
551
552
553
555
557
559
560
561
562
563
564
565
567
568
571
572
573
574
575
575.3
576
577
578
579
580
581
582
583
584
585
586
588
591
592
593
594
595
596
597
598
599
609
609.2
62
623
624
625
627
628
629
631651
634
635
636
637
638
639
641 .2
641 802
642.5
645
646
647
649
655.5
659
665
666
667
669
677
678
679
683
684
685
687
689
695
696
697
698
699
7 a
70
705.5
7122
719
724
725
726
727
728
729
733
734
735
736
737
739
741741
747
749
75
751 723
754
755
756
757
758
763
764
766
767
770
771
772
773
774
776
780
781
782
783
784
785
788
791
792
793
794
8 1
801.6.2
802 801
8023
802Cf
804..1
806
807
808
809
811..2
815.4
815.5.1
817.8
823
824
825
827
828
831
832
833
834
837
838
839
841
842
843
844
845
847
848
849
850
851
852
853
857
861
862
863
864
865
870
871
872
873
874
875
876
877
878
879
880
881
882
884
890
891
892
9 1
904
905
906
907
908
909
911.1.1
911/3
915
916
917
918
919
921 723
921.65
921723
923
924
925
927
928
929
93
931 83
931.6
932 817
934
935
936
937
938
939
945
946
947
948
949
952
953
954
955
960
962
962.2
963
964
965
966
972
973
974
977
980
9801
981
981.3
982
983
991
992
993
994
Sim
