20170701
20170702
20170703
20170704
20170705
20170706
20170707
20170708
20170709
20170710
20170711
20170712
20170713
20170714
20170715
20170716
20170717
20170718
20170719
20170720
20170721
20170722
20170723
20170724
20170725
20170726
20170727
20170728
20170729
20170730
20170731
20170732
20170733
20170734
20170735
20170736
20170737
20170738
20170739
20170740
20170741
20170742
20170743
20170744
20170745
20170746
20170747
20170748
20170749
20170750
20170751
20170752
20170753
20170754
20170755
20170756
20170757
20170758
20170759
20170760
20170761
20170762
20170763
20170764
20170765
20170766
20170767
20170768
20170769
20170770
20170771
20170772
20170773
20170774
20170775
20170776
20170777
20170778
20170779
20170780
20170781
20170782
20170783
20170784
20170785
20170786
20170787
20170788
20170789
20170790
20170791
20170792
20170793
20170794
20170795
20170796
20170797
20170798
20170799
20170800
20170801
20170802
20170803
20170804
20170805
20170806
20170807
20170808
20170809
20170810
20170811
20170812
20170813
20170814
20170815
20170816
20170817
20170818
20170819
20170820
20170821
20170822
20170823
20170824
20170825
20170826
20170827
20170828
20170829
20170830
20170831
20170832
20170833
20170834
20170835
20170836
20170837
20170838
20170839
20170840
20170841
20170842
20170843
20170844
20170845
20170846
20170847
20170848
20170849
20170850
20170851
20170852
20170853
20170854
20170855
20170856
20170857
20170858
20170859
20170860
20170861
20170862
20170863
20170864
20170865
20170866
20170867
20170868
20170869
20170870
20170871
20170872
20170873
20170874
20170875
20170876
20170877
20170878
20170879
20170880
20170881
20170882
20170883
20170884
20170885
20170886
20170887
20170888
20170889
20170890
20170891
20170892
20170893
20170894
20170895
20170896
20170897
20170898
20170899
20170900
20170901
20170902
20170903
20170904
20170905
20170906
20170907
20170908
20170909
20170910
20170911
20170912
20170913
20170914
20170915
20170916
20170917
20170918
20170919
20170920
20170921
20170922
20170923
20170924
20170925
20170926
20170927
20170928
20170929
20170930
20170931
20170932
20170933
20170934
20170935
20170936
20170937
20170938
20170939
20170940
20170941
20170942
20170943
20170944
